-5 -42756497195167.1
-4.96875 -0.281697504518775
-4.9375 -0.149241072187894
-4.90625 -0.105745343219022
-4.875 -0.0845529474455985
-4.84375 -0.0723412831849018
-4.8125 -0.0646783661983849
-4.78125 -0.0596739878061773
-4.75 -0.0563928696479195
-4.71875 -0.0543261397142289
-4.6875 -0.0531804275712649
-4.65625 -0.0527826119944132
-4.625 -0.0530329557667296
-4.59375 -0.0538808339982863
-4.5625 -0.055312109693829
-4.53125 -0.0573432027510249
-4.5 -0.0600196018019154
-4.46875 -0.063417968332208
-4.4375 -0.0676518896486447
-4.40625 -0.0728821619019084
-4.375 -0.0793335426676201
-4.34375 -0.0873216169188711
-4.3125 -0.0972965266203896
-4.28125 -0.109916444273259
-4.25 -0.126176643066486
-4.21875 -0.147649630397406
-4.1875 -0.17696582055125
-4.15625 -0.218871428202765
-4.125 -0.282873668548755
-4.09375 -0.391176954524171
-4.0625 -0.610428597287992
-4.03125 -1.27394066572854
-4 267228107469794
-3.96875 1.39968447557767
-3.9375 0.736877793927728
-3.90625 0.518813090168329
-3.875 0.412195618797293
-3.84375 0.350403090426868
-3.8125 0.311264637329727
-3.78125 0.285316254198285
-3.75 0.267866130827618
-3.71875 0.256351471776518
-3.6875 0.249283254240304
-3.65625 0.245769037098987
-3.625 0.245277420421124
-3.59375 0.247515081179628
-3.5625 0.252361500478095
-3.53125 0.259836387465581
-3.5 0.270088208108619
-3.46875 0.283399045984554
-3.4375 0.300205260315861
-3.40625 0.321137025880284
-3.375 0.347084249170838
-3.34375 0.379303273491346
-3.3125 0.41959127105043
-3.28125 0.470579777044889
-3.25 0.536250733032565
-3.21875 0.622896878239055
-3.1875 0.741044373558361
-3.15625 0.909684373467742
-3.125 1.16685388276362
-3.09375 1.60138065758332
-3.0625 2.47986617648247
-3.03125 5.13557330871818
-3 -1.42521657317224E+15
-2.96875 -5.55499776244887
-2.9375 -2.90145631359043
-2.90625 -2.02661363347004
-2.875 -1.59725802283951
-2.84375 -1.34686187882828
-2.8125 -1.18669642981959
-2.78125 -1.07885208618727
-2.75 -1.00449799060357
-2.71875 -0.953307035668925
-2.6875 -0.919232000011121
-2.65625 -0.89859304189317
-2.625 -0.889130649026576
-2.59375 -0.889507322989287
-2.5625 -0.899037845453213
-2.53125 -0.917547243237834
-2.5 -0.945308728380167
-2.46875 -0.983040440758923
-2.4375 -1.03195558233577
-2.40625 -1.09387299440472
-2.375 -1.17140934095158
-2.34375 -1.26829532073669
-2.3125 -1.38989608535455
-2.28125 -1.54408989342854
-2.25 -1.74281488235584
-2.21875 -2.00494932683195
-2.1875 -2.36207894071727
-2.15625 -2.87119130375756
-2.125 -3.6464183836363
-2.09375 -4.95427140939842
-2.0625 -7.59459016547751
-2.03125 -15.567206592052
-2 6.41347457927506E+15
-1.96875 16.4913996072701
-1.9375 8.52302792117186
-1.90625 5.88984587227231
-1.875 4.59211681566359
-1.84375 3.83013846791791
-1.8125 3.33758370886758
-1.78125 3.00055736470833
-1.75 2.76236947415981
-1.71875 2.59180350322489
-1.6875 2.47043600002989
-1.65625 2.38688776752873
-1.625 2.33396795369476
-1.59375 2.30715961900346
-1.5625 2.30378447897386
-1.53125 2.32254145944577
-1.5 2.36327182095042
-1.46875 2.42688108812359
-1.4375 2.51539173194344
-1.40625 2.63213189278635
-1.375 2.78209718476
-1.34375 2.97256715797661
-1.3125 3.2141346973824
-1.28125 3.52245506938386
-1.25 3.92133348530064
-1.21875 4.4484813189084
-1.1875 5.16704768281904
-1.15625 6.19100624872724
-1.125 7.74863906522714
-1.09375 10.3730057634279
-1.0625 15.6638422162974
-1.03125 31.6208883901054
-1 -2.56538983171002E+16
-0.96875 -32.4674429768129
-0.9375 -16.5133665972705
-0.90625 -11.2275186940191
-0.875 -8.61021902936924
-0.84375 -7.06181780022365
-0.8125 -6.0493704723225
-0.78125 -5.34474280588672
-0.75 -4.83414657977967
-0.71875 -4.45466227116778
-0.6875 -4.16886075005044
-0.65625 -3.95328286496946
-0.625 -3.79269792475399
-0.59375 -3.67703564278677
-0.5625 -3.59966324839666
-0.53125 -3.55639160977633
-0.5 -3.54490773142563
-0.46875 -3.56448159818152
-0.4375 -3.6158756146687
-0.40625 -3.7014354742308
-0.375 -3.825383629045
-0.34375 -3.99438711853107
-0.3125 -4.21855179031439
-0.28125 -4.51314555764807
-0.25 -4.9016668566258
-0.21875 -5.42158660741961
-0.1875 -6.1358691233476
-0.15625 -7.15835097509087
-0.125 -8.71721894838053
-0.09375 -11.3454750537493
-0.0625 -16.642832354816
-0.03125 -32.6090411522962
0 Infinity
0.03125 31.4528348390204
0.0625 15.4812809180362
0.09375 10.1749386417863
0.125 7.53394152188078
0.15625 5.95840866743369
0.1875 4.91511342531079
0.21875 4.17558024641921
0.25 3.62560987363124
0.28125 3.20178845348268
0.3125 2.86609171749436
0.34375 2.5943418366147
0.375 2.37043616326337
0.40625 2.1832398763737
0.4375 2.02481054337032
0.46875 1.88933301112117
0.5 1.77245383609822
0.53125 1.67085072122612
0.5625 1.58194555496902
0.59375 1.50370813624555
0.625 1.43451883686183
0.65625 1.37307054896104
0.6875 1.31829741231897
0.71875 1.26932216671272
0.75 1.22541669347033
0.78125 1.18597205029816
0.8125 1.15047544109433
0.84375 1.11849232080377
0.875 1.0896523499164
0.90625 1.06363826803
0.9375 1.04017700424284
0.96875 1.01903251835948
1 0.999999989064903
1.03125 0.982901088719387
1.0625 0.967580057377265
1.09375 0.953900497667461
1.125 0.941742690235098
1.15625 0.931001354286515
1.1875 0.921583767245773
1.21875 0.913408178904201
1.25 0.906402468407809
1.28125 0.900503002542003
1.3125 0.895653661716989
1.34375 0.891805006336303
1.375 0.888913561223765
1.40625 0.886941199776816
1.4375 0.885854612724515
1.46875 0.885624848963048
1.5 0.886226918049109
1.53125 0.887639445651378
1.5625 0.889844374670072
1.59375 0.892826705895794
1.625 0.896574273038643
1.65625 0.901077547755684
1.6875 0.906329470969289
1.71875 0.912325307324766
1.75 0.919062520102744
1.78125 0.926540664295439
1.8125 0.934761295889145
1.84375 0.943727895678182
1.875 0.953445806176854
1.90625 0.963922180402188
1.9375 0.975165941477659
1.96875 0.987187752160745
2 0.999999989064903
2.03125 1.01361674774187
2.0625 1.02805381096334
2.09375 1.04332866932379
2.125 1.05946052651448
2.15625 1.07647031589378
2.1875 1.09438072360436
2.21875 1.1132162180395
2.25 1.13300308550976
2.28125 1.15376947200694
2.3125 1.17554543100355
2.34375 1.19836297726441
2.375 1.22225614668268
2.40625 1.24726106218615
2.4375 1.27341600579149
2.46875 1.30076149691448
2.5 1.32934037707366
2.53125 1.35919790115367
2.5625 1.39038183542199
2.59375 1.42294256252142
2.625 1.45693319368779
2.65625 1.49240968847035
2.6875 1.52943098226067
2.71875 1.56805912196444
2.75 1.6083594101798
2.78125 1.65040055827625
2.8125 1.69425484879907
2.84375 1.73999830765665
2.875 1.7877108865816
2.90625 1.83747665639167
2.9375 1.88938401161296
2.96875 1.94352588706647
3 1.99999997812981
3.03125 2.05890901885067
3.0625 2.1203609851119
3.09375 2.18446940139668
3.125 2.25135361884328
3.15625 2.32113911864597
3.1875 2.39395783288453
3.21875 2.46994848377513
3.25 2.54925694239696
3.28125 2.63203660801583
3.3125 2.7184488091957
3.34375 2.80866322796345
3.375 2.90285834837136
3.40625 3.00122193088542
3.4375 3.10395151411676
3.46875 3.21125494550761
3.5 3.32335094268416
3.53125 3.44046968729523
3.5625 3.56285345326884
3.59375 3.69075727153994
3.625 3.82444963343046
3.65625 3.96421323499937
3.6875 4.11034576482556
3.71875 4.26316073784082
3.75 4.42298837799446
3.78125 4.59017655270582
3.8125 4.7650917622474
3.84375 4.94812018739859
3.875 5.1396687989221
3.90625 5.34016653263829
3.9375 5.55006553411308
3.96875 5.76984247722857
4 5.99999993438942
4.03125 6.24106796339109
4.0625 6.49360551690518
4.09375 6.75820221057097
4.125 7.03548005888525
4.15625 7.32609534322634
4.1875 7.63074059231943
4.21875 7.9501466821512
4.25 8.28508506279013
4.28125 8.63637012005196
4.3125 9.00486168046077
4.34375 9.3914676685028
4.375 9.79714692575333
4.40625 10.2229122020785
4.4375 10.6698333297764
4.46875 11.1390405922295
4.5 11.6317282993946
4.53125 12.1491585832613
4.5625 12.6926654272703
4.59375 13.2636589445967
4.625 13.8636299211854
4.65625 14.4941546404665
4.6875 15.1569000077943
4.71875 15.8536289938456
4.75 16.5862064174792
4.78125 17.3566050899189
4.8125 18.1669123435682
4.84375 19.0193369703133
4.875 19.9162165958231
4.90625 20.8600255181183
4.9375 21.8533830405703
4.96875 22.8990623315009
5 23.9999997375577
