0.03125 3.44848911704994
0.0625 2.73963161138143
0.09375 2.3199277010192
0.125 2.01941834734442
0.15625 1.78480344331741
0.1875 1.59231483071043
0.21875 1.42925332982408
0.25 1.28802251515743
0.28125 1.16370954539721
0.3125 1.05294933081101
0.34375 0.953332856940169
0.375 0.863073973346876
0.40625 0.780809955348568
0.4375 0.705476137352132
0.46875 0.636223862617527
0.5 0.572364934570578
0.53125 0.513332910629305
0.5625 0.458655453436564
0.59375 0.407934148348516
0.625 0.360829487661416
0.65625 0.31704950854009
0.6875 0.276341064887473
0.71875 0.238483030989686
0.75 0.203280944091058
0.78125 0.170562733938789
0.8125 0.140175283976298
0.84375 0.111981636304248
0.875 0.0858587003364458
0.90625 0.0616953594592935
0.9375 0.0393908950588619
0.96875 0.0188536657623025
1 -1.09350976051914E-08
1.03125 -0.0172467857497881
1.0625 -0.032957110858347
1.09375 -0.0471959131124192
1.125 -0.0600231943354142
1.15625 -0.0714945470482178
1.1875 -0.0816616028612438
1.21875 -0.0905724239203313
1.25 -0.0982718459624626
1.28125 -0.104801780066295
1.3125 -0.110201478994666
1.34375 -0.114507773061187
1.375 -0.11775527966485
1.40625 -0.119976589989621
1.4375 -0.121202435832336
1.46875 -0.121461839079989
1.5 -0.120782245989367
1.53125 -0.119189648114205
1.5625 -0.116708691466998
1.59375 -0.113362775284771
1.625 -0.109174141584319
1.65625 -0.104163956536213
1.6875 -0.0983523845539377
1.71875 -0.0917586558808909
1.75 -0.0844011283607229
1.78125 -0.0762973439927371
1.8125 -0.0674640808019462
1.84375 -0.0579174004911494
1.875 -0.0476726922880768
1.90625 -0.036744713353959
1.9375 -0.0251476260787092
1.96875 -0.0128950325522778
2 -1.09350976051914E-08
2.03125 0.0135248729169656
2.0625 0.0276675109580878
2.09375 0.042416245577268
2.125 0.0577598413209692
2.15625 0.0736874627962801
2.1875 0.0901886540654154
2.21875 0.107253319409589
2.25 0.124871705351747
2.28125 0.143034383838286
2.3125 0.161732236488976
2.34375 0.180956439832649
2.375 0.200698451453684
2.40625 0.220949996980972
2.4375 0.241703057857033
2.46875 0.262949859830343
2.5 0.284682862118797
2.53125 0.306894747196695
2.5625 0.329578411161422
2.59375 0.352726954639829
2.625 0.376333674197382
2.65625 0.400392054216182
2.6875 0.42489575921061
2.71875 0.449838626551853
2.75 0.4752146595747
2.78125 0.501018021042086
2.8125 0.527243026944747
2.84375 0.553884140614844
2.875 0.580935967134297
2.90625 0.608393248019626
2.9375 0.636250856166656
2.96875 0.664503791039528
3 0.693147169624848
3.03125 0.722176240012876
3.0625 0.751586350184787
3.09375 0.781372962168507
3.125 0.811531643697349
3.15625 0.842058064593813
3.1875 0.872947993315048
3.21875 0.904197293651178
3.25 0.935801921568076
3.28125 0.967757922186951
3.3125 1.00006142689342
3.34375 1.03270865056923
3.375 1.06569588894029
3.40625 1.09901951603493
3.4375 1.1326759817469
3.46875 1.16666180949764
3.5 1.20097359399295
3.53125 1.23560799906941
3.5625 1.27056175562595
3.59375 1.3058316596367
3.625 1.34141457024097
3.65625 1.37730740790677
3.6875 1.41350715266439
3.71875 1.45001084240671
3.75 1.48681557125318
3.78125 1.5239184879745
3.8125 1.56131679447529
3.84375 1.59900774433197
3.875 1.63698864138361
3.90625 1.67525683837315
3.9375 1.71380973563693
3.96875 1.75264477984034
4 1.79175945829296
4.03125 1.83115131571653
4.0625 1.87081792605563
4.09375 1.91075690950337
4.125 1.95096592688571
4.15625 1.99144267863535
4.1875 2.03218490379959
4.21875 2.07319037908109
4.25 2.11445691790972
4.28125 2.15598236954475
4.3125 2.19776461820576
4.34375 2.23980158223141
4.375 2.28209121326478
4.40625 2.32463149546435
4.4375 2.36742044473959
4.46875 2.41045610801025
4.5 2.45373656248832
4.53125 2.49725991498202
4.5625 2.54102430122072
4.59375 2.58502788520022
4.625 2.62926885854761
4.65625 2.6737454399048
4.6875 2.71845587433033
4.71875 2.76339843271851
4.75 2.8085714112355
4.78125 2.85397313077151
4.8125 2.89960193640882
4.84375 2.94545619690466
4.875 2.99153430418892
4.90625 3.03783467287573
4.9375 3.08435573978868
4.96875 3.13109596349921
5 3.17805381941285
