0 1 0 
0.0519410888646556 0.9986510616 -0.05194108886 
0.102109813249092 0.9947884906 -0.1019767734 
0.151201647397044 0.9885835395 -0.1506898826 
0.199632190202516 0.9801261767 -0.1983907972 
0.247653952537305 0.9694689716 -0.24522943 
0.29542197681083 0.9566487868 -0.2912592671 
0.343032092034092 0.9416976706 -0.336475324 
0.390543775376522 0.9246482862 -0.3808371925 
0.437994038321104 0.9055365258 -0.4242832641 
0.485405950049862 0.8844026721 -0.466739611 
0.532793904245327 0.8612918215 -0.5081255849 
0.580166887382606 0.8362539413 -0.5483573802 
0.627530512273778 0.8093437584 -0.5873503296 
0.674888285470222 0.7806205734 -0.6250204052 
0.722242397999225 0.7501480503 -0.6612852231 
0.769594219032108 0.7179940017 -0.6960647341 
0.816944604215259 0.684230176 -0.7292817175 
0.864294088294531 0.6489320499 -0.7608621482 
0.911643005473345 0.6121786242 -0.790735482 
0.958991564623994 0.5740522211 -0.8188348884 
1.00633989628985 0.5346382815 -0.8450974449 
1.05368808205988 0.4940251611 -0.8694643065 
1.10103617292695 0.452303923 -0.891880854 
1.14838420076155 0.409568128 -0.9122968276 
1.19573218548271 0.3659136203 -0.9306664451 
1.24308013953985 0.3214383104 -0.9469485089 
1.29042807071386 0.2762419531 -0.9611065008 
1.33777598386781 0.2304259229 -0.9731086645 
1.38512388204112 0.1840929859 -0.9829280788 
1.43247176713344 0.1373470683 -0.9905427173 
1.47981964033206 0.0902930235 -0.9959354991 
1.52716750237903 0.04303639653 -0.9990943266 
1.57451535373816 -0.004316813052 -1.000012113 
1.62186319469932 -0.05166038879 -0.9986867988 
1.66921102544368 -0.09888813574 -0.9951213549 
1.7165588460845 -0.1458941187 -0.9893237777 
1.76390665669254 -0.1925728997 -0.98130707 
1.81125445731206 -0.2388197749 -0.9710892127 
1.85860224797071 -0.2845310089 -0.9586931236 
1.90595002868578 -0.3296040682 -0.9441466068 
1.95329779946809 -0.3739378502 -0.9274822896 
2.00064556032439 -0.417432911 -0.90873755 
2.04799331125892 -0.4599916876 -0.8879544322 
2.09534105227433 -0.5015187174 -0.865179553 
2.14268878337227 -0.541920852 -0.8404639965 
2.1900365045538 -0.5811074661 -0.8138632002 
2.23738421581957 -0.6189906609 -0.7854368301 
2.28473191716999 -0.6554854612 -0.7552486471 
2.33207960860533 -0.6905100062 -0.7233663641 
2.37942729012577 -0.7239857327 -0.6898614938 
2.4267749617314 -0.7558375519 -0.6548091886 
2.47412262342231 -0.7859940171 -0.618288072 
2.52147027519856 -0.8143874847 -0.5803800618 
2.56881791706016 -0.8409542654 -0.5411701871 
2.61616554900717 -0.8656347673 -0.5007463968 
2.66351317103959 -0.8883736296 -0.4591993631 
2.71086078315745 -0.9091198465 -0.4166222773 
2.75820838536076 -0.927826882 -0.3731106415 
2.80555597764954 -0.944452774 -0.3287620539 
2.85290356002381 -0.9589602283 -0.2836759901 
2.90025113248358 -0.9713167028 -0.2379535798 
2.94759869502886 -0.98149448 -0.1916973803 
2.99494624765967 -0.9894707292 -0.145011146 
3.04229379037602 -0.9952275579 -0.09799959617 
3.08964132317792 -0.998752052 -0.05076817952 
3.1369888460654 -1.000036304 -0.003422838135 
3.18433635903845 -0.9990774331 0.0439302304 
3.2316838620971 -0.9958775874 0.09118481113 
3.27903135524136 -0.9904439434 0.13823491 
3.32637883847124 -0.9827886876 0.1849749916 
3.37372631178676 -0.9729289895 0.2313002158 
3.42107377518792 -0.9608869635 0.2771066732 
3.46842122867475 -0.9466896189 0.3222916177 
3.51576867224726 -0.9303687996 0.3667536975 
3.56311610590546 -0.9119611124 0.4103931821 
3.61046352964936 -0.8915078451 0.453112186 
3.65781094347897 -0.8690548738 0.4948148885 
3.70515834739432 -0.8446525599 0.5354077484 
3.75250574139541 -0.8183556375 0.5747997139 
3.79985312548226 -0.7902230902 0.6129024268 
3.84720049965487 -0.7603180189 0.6496304208 
3.89454786391328 -0.7287075006 0.6849013131 
3.94189521825748 -0.6954624374 0.7186359891 
3.98924256268749 -0.6606573979 0.75075878 
4.03658989720333 -0.6243704498 0.7811976325 
4.083937221805 -0.5866829848 0.8098842705 
4.13128453649253 -0.5476795357 0.836754348 
4.17863184126592 -0.5074475875 0.8617475936 
4.2259791361252 -0.4660773807 0.8848079458 
4.27332642107036 -0.4236617087 0.9058836784 
4.32067369610143 -0.3802957101 0.924927517 
4.36802096121842 -0.3360766552 0.9418967444 
4.41536821642134 -0.2911037277 0.9567532971 
4.46271546171021 -0.2454778021 0.9694638503 
4.51006269708503 -0.1993012177 0.9799998926 
4.55740992254584 -0.1526775491 0.9883377901 
4.60475713809262 -0.1057113736 0.9944588395 
4.65210434372541 -0.0585080368 0.9983493096 
4.69945153944421 -0.01117341624 1.000000473 
4.74679872524904 0.03618631599 0.9994086241 
4.79414590113991 0.08346493148 0.9965750896 
4.84149306711684 0.1305563837 0.9915062235 
4.88884022317983 0.177355046 0.9842133939 
4.9361873693289 0.2237559484 0.9747129573 
4.98353450556407 0.269655013 0.9630262219 
5.03088163188534 0.3149492875 0.9491793998 
5.07822874829274 0.3595371764 0.933203548 
5.12557585478627 0.4033186682 0.9151344992 
5.17292295136595 0.4461955604 0.895012781 
5.2202700380318 0.4880716794 0.8728835252 
5.26761711478382 0.5288530964 0.8487963665 
5.31496418162203 0.5684483378 0.8228053312 
5.36231123854644 0.6067685909 0.794968716 
5.40965828555706 0.6437279025 0.7653489573 
5.45700532265392 0.6792433721 0.734012491 
5.50435234983702 0.7132353376 0.7010296036 
5.55169936710638 0.7456275542 0.6664742747 
5.599046374462 0.7763473654 0.6304240107 
5.64639337190392 0.8053258657 0.5929596712 
5.69374035943212 0.8324980553 0.5541652876 
5.74108733704664 0.8578029862 0.5141278746 
5.78843430474748 0.8811838985 0.472937235 
5.83578126253466 0.9025883476 0.4306857583 
5.88312821040819 0.9219683225 0.3874682135 
5.93047514836809 0.9392803528 0.3433815365 
5.97782207641436 0.9544856065 0.2985246126 
6.02516899454703 0.9675499771 0.2529980548 
6.0725159027661 0.97844416 0.2069039782 
6.11986280107159 0.9871437184 0.1603457708 
6.16720968946351 0.9936291379 0.1134278616 
6.21455656794187 0.9978858705 0.06625548637 
6.2619034365067 0.999904367 0.01893445189 
6.309250295158 0.9996800985 -0.02842910175 
6.35659714389578 0.9972135666 -0.07572893906 
6.40394398272007 0.9925103024 -0.1228589674 
6.45129081163086 0.9855808537 -0.1697134751 
6.49863763062818 0.9764407617 -0.2161873682 
6.54598443971205 0.9651105261 -0.2621764067 
6.59333123888246 0.9516155589 -0.307577438 
6.64067802813945 0.9359861277 -0.3522886283 
6.68802480748301 0.9182572875 -0.3962096912 
6.73537157691317 0.8984688023 -0.4392421123 
6.78271833642993 0.8766650559 -0.4812893707 
6.83006508603332 0.8528949521 -0.5222571548 
6.87741182572334 0.8272118054 -0.5620535746 
6.92475855550001 0.799673221 -0.6005893671 
6.97210527536334 0.770340966 -0.6377780969 
7.01945198531334 0.7392808306 -0.6735363501 
7.06679868535004 0.7065624804 -0.7077839212 
7.11414537547343 0.6722593006 -0.7404439932 
7.16149205568354 0.6364482311 -0.7714433097 
7.20883872598038 0.5992095938 -0.8007123393 
7.25618538636396 0.5606269127 -0.8281854315 
7.3035320368343 0.5207867263 -0.8538009641 
7.35087867739141 0.4797783941 -0.8775014814 
7.3982253080353 0.4376938951 -0.8992338227 
7.44557192876598 0.3946276226 -0.9189492422 
7.49291853958348 0.3506761718 -0.9366035177 
7.5402651404878 0.3059381233 -0.9521570501 
7.58761173147895 0.2605138222 -0.9655749522 
7.63495831255696 0.2145051527 -0.976827127 
7.68230488372183 0.1680153097 -0.9858883348 
7.72965144497358 0.1211485676 -0.9927382506 
7.77699799631221 0.07401004595 -0.9973615088 
7.82434453773776 0.02670547398 -0.9997477384 
7.87169106925022 -0.02065904657 -0.9998915857 
7.91903759084961 -0.06797727951 -0.9977927266 
7.96638410253594 -0.1151430924 -0.9934558675 
8.01373060430924 -0.1620506948 -0.9868907342 
8.0610770961695 -0.2085948752 -0.9781120506 
8.10842357811675 -0.2546712373 -0.9671395055 
8.155770050151 -0.300176434 -0.9539977081 
8.20311651227226 -0.3450083995 -0.9387161336 
8.25046296448055 -0.3890665777 -0.9213290563 
8.29780940677588 -0.4322521483 -0.901875473 
8.34515583915826 -0.4744682479 -0.8803990156 
8.3925022616277 -0.5156201877 -0.8569478535 
8.43984867418423 -0.5556156659 -0.8315745847 
8.48719507682785 -0.5943649742 -0.8043361188 
8.53454146955857 -0.6317811997 -0.7752935489 
8.58188785237642 -0.6677804192 -0.7445120143 
8.6292342252814 -0.702281888 -0.7120605551 
8.67658058827352 -0.7352082206 -0.6780119567 
8.72392694135281 -0.7664855643 -0.6424425867 
8.77127328451927 -0.7960437653 -0.605432224 
8.81861961777292 -0.8238165253 -0.5670638794 
8.86596594111376 -0.8497415509 -0.5274236095 
8.91331225454183 -0.8737606929 -0.486600324 
8.96065855805712 -0.8958200769 -0.4446855858 
9.00800485165965 -0.915870224 -0.4017734059 
9.05535113534944 -0.933866162 -0.3579600326 
9.1026974091265 -0.949767526 -0.3133437356 
9.15004367299084 -0.9635386491 -0.2680245853 
9.19738992694247 -0.9751486424 -0.2221042286 
9.24473617098141 -0.9845714643 -0.1756856612 
9.29208240510768 -0.9917859786 -0.1288729959 
9.33942862932128 -0.9967760024 -0.08177122952 
9.38677484362223 -0.9995303421 -0.03448600749 
9.43412104801055 -1.000042819 0.01287661339 
9.48146724248624 -0.9983122809 0.06021040265 
9.52881342704932 -0.9943426091 0.1074091945 
9.5761596016998 -0.9881427054 0.1543671259 
9.6235057664377 -0.9797264744 0.2009788739 
9.67085192126303 -0.9691127915 0.2471398923 
9.71819806617581 -0.9563254609 0.2927466455 
9.76554420117604 -0.9413931621 0.3376968411 
9.81289032626374 -0.9243493856 0.3818896595 
9.86023644143893 -0.9052323578 0.4252259796 
9.90758254670161 -0.8840849551 0.4676086014 
9.95492864205181 -0.8609546079 0.508942464 
10 -0.8371413966 0.5472299175 
